[gd_scene load_steps=6 format=2]

[ext_resource path="res://scripts/Global.gd" type="Script" id=1]
[ext_resource path="res://scenes/Water.tscn" type="PackedScene" id=2]
[ext_resource path="res://scenes/Boat.tscn" type="PackedScene" id=3]
[ext_resource path="res://scenes/Island.tscn" type="PackedScene" id=4]

[sub_resource type="SphereMesh" id=1]

[node name="Game" type="Spatial"]
script = ExtResource( 1 )

[node name="MainCamera" type="Camera" parent="."]
transform = Transform( 1, 0, 0, 0, 0.6639, 0.747821, 0, -0.747821, 0.6639, 0, 66.8878, 80.0259 )
far = 1000.0

[node name="Sun" type="DirectionalLight" parent="."]
transform = Transform( 0.707107, 0.612372, -0.353553, 0, 0.5, 0.866025, 0.707107, -0.612372, 0.353553, 0, 26.2411, 0 )

[node name="MouseCast" type="RayCast" parent="."]
exclude_parent = false
cast_to = Vector3( 0, 0, 0 )
collision_mask = 4
collide_with_areas = true
collide_with_bodies = false

[node name="mousepoint" type="MeshInstance" parent="."]
mesh = SubResource( 1 )

[node name="Island" parent="." instance=ExtResource( 4 )]
transform = Transform( 1, 0, 0, 0, 1, 0, 0, 0, 1, 0, 1.2709, 0 )

[node name="Water" parent="." instance=ExtResource( 2 )]

[node name="Boat" parent="." instance=ExtResource( 3 )]
transform = Transform( 0.895556, 0, -0.444948, 0, 1, 0, 0.444948, 0, 0.895556, 70.4277, 0, -7 )
