[gd_scene load_steps=5 format=2]

[ext_resource path="res://scripts/Global.gd" type="Script" id=1]
[ext_resource path="res://scenes/Water.tscn" type="PackedScene" id=2]
[ext_resource path="res://scenes/Boat.tscn" type="PackedScene" id=3]

[sub_resource type="SphereMesh" id=1]

[node name="Game" type="Spatial"]
script = ExtResource( 1 )

[node name="MouseCast" type="RayCast" parent="."]
exclude_parent = false
cast_to = Vector3( 0, 0, 0 )
collision_mask = 4
collide_with_areas = true
collide_with_bodies = false

[node name="MainCamera" type="Camera" parent="."]
transform = Transform( 1, 0, 0, 0, 0.6639, 0.747821, 0, -0.747821, 0.6639, 0, 28.3305, 32.3147 )

[node name="Water" parent="." instance=ExtResource( 2 )]

[node name="mousepoint" type="MeshInstance" parent="."]
mesh = SubResource( 1 )

[node name="Boat" parent="." instance=ExtResource( 3 )]
transform = Transform( 0.895556, 0, -0.444948, 0, 1, 0, 0.444948, 0, 0.895556, 9, 0, -7 )

[node name="Boat2" parent="." instance=ExtResource( 3 )]
transform = Transform( 0.517624, 0, -0.855608, 0, 1, 0, 0.855608, 0, 0.517624, -27.6385, 0, -7 )

[node name="Boat3" parent="." instance=ExtResource( 3 )]
transform = Transform( 0.417978, 0, 0.908457, 0, 1, 0, -0.908457, 0, 0.417978, 28.4914, 0, 9.46127 )

[node name="Boat4" parent="." instance=ExtResource( 3 )]
transform = Transform( 0.807135, 0, 0.590366, 0, 1, 0, -0.590366, 0, 0.807135, 14.8267, 0, 20.6799 )
