[gd_scene load_steps=7 format=2]

[ext_resource path="res://Scripts/Game.gd" type="Script" id=1]
[ext_resource path="res://scenes/Water.tscn" type="PackedScene" id=2]
[ext_resource path="res://scripts/CameraShake.gd" type="Script" id=3]
[ext_resource path="res://scenes/Island.tscn" type="PackedScene" id=4]
[ext_resource path="res://scripts/BoatManager.gd" type="Script" id=5]
[ext_resource path="res://resources/textures/perlin.png" type="Texture" id=6]

[node name="Game" type="Spatial"]
script = ExtResource( 1 )

[node name="MainCamera" type="Camera" parent="."]
transform = Transform( 1, 0, 0, 0, 0.585651, 0.810563, 0, -0.810563, 0.585651, 0, 119.347, 107.815 )
far = 1000.0
script = ExtResource( 3 )
noise_texture = ExtResource( 6 )

[node name="Sun" type="DirectionalLight" parent="."]
transform = Transform( 0.926641, 0.319415, -0.198267, 0.129409, 0.224144, 0.965926, 0.352971, -0.920725, 0.166366, 0, 80, 0 )
light_energy = 1.25
light_specular = 2.0
shadow_color = Color( 0.752941, 0.713726, 0.376471, 1 )

[node name="MouseCast" type="RayCast" parent="."]
exclude_parent = false
cast_to = Vector3( 0, 0, 0 )
collision_mask = 4
collide_with_areas = true
collide_with_bodies = false

[node name="Island" parent="." instance=ExtResource( 4 )]
transform = Transform( 1, 0, 0, 0, 1, 0, 0, 0, 1, 0, 1.2709, 0 )

[node name="Water" parent="." instance=ExtResource( 2 )]

[node name="BoatManager" type="Spatial" parent="."]
transform = Transform( 0.895556, 0, -0.444948, 0, 1, 0, 0.444948, 0, 0.895556, 70.4277, 0, -7 )
script = ExtResource( 5 )

[node name="BoatTimer" type="Timer" parent="BoatManager"]
wait_time = 5.0
autostart = true

[connection signal="timeout" from="BoatManager/BoatTimer" to="BoatManager" method="spawnBoat"]
